-0.23702031,  1.97409619,  1.73302577,  2.09167167,  1.85197292,
        1.319843  ,  3.42627493,  2.01311199,  2.66503199,  2.1270036 ,
        1.55839569,  0.80531919, -0.81268678,  0.75195659,  0.87716951,
       -0.89605315,  1.18122247,  0.18362761,  0.60059598, -0.31771686,
        0.52963649,  2.17331385,  1.3112795 ,  2.08161691,  2.1374055 ,
        0.76192793,  3.26560084,  1.92862053,  2.6989469 ,  1.89116053,
        2.49783848


-0.23712907, -1.39998202, -1.24962228, -1.34520926, -1.10978518,
       -1.33264483, -0.30735463, -0.36555756, -0.69650228,  1.93033305,
        0.95437877,  0.02752055,  1.96305996, -0.12095781, -0.35077918,
        0.57276579,  0.7394992 ,  0.32065553,  0.58946222,  2.61504052,
        0.71892779, -1.29528358, -1.04081128, -1.24522047, -0.99971493,
       -1.43869328, -0.54856427, -0.64491059, -0.97023893,  0.59760192,
        0.0578942

0.42469734, -0.98179678,  1.41622208, -0.98258746, -0.86694414,
         0.05938999, -0.59678772, -0.82020317, -0.84511471,  0.31326409,
         0.07404147, -0.53850473,  0.53647286, -0.65795   , -0.49659014,
         0.0654747 , -0.82240418, -0.68556537, -0.89848456,  0.12329928,
        -0.43154667, -0.8291973 ,  1.59353039, -0.87357215, -0.74294685,
         0.79662437, -0.7293916 , -0.77494969, -0.80948314,  0.79892783,
        -0.1344968

-0.23713078, -1.11769991, -1.0102595 , -1.12500192, -0.96594206,
         1.26951116, -0.43900185, -0.98334145, -0.93059974,  3.39443604,
         0.95021314,  0.40227808,  0.4403815 ,  0.21931447, -0.11553185,
         0.17191085, -0.78797021, -0.78350919, -0.58864808,  2.60401511,
         0.76598123, -1.08512861, -1.3346163 , -1.11713828, -0.89654919,
        -0.17487574, -0.99507862, -1.20914641, -1.35458167,  1.03354385,
        -0.20573196

0.39698916,  0.11958479,  1.96065509,  0.19953494,  0.01247322,
         1.30546248,  1.06616467,  0.94483968,  0.66704965,  1.79193526,
         1.11267286, -0.11319029, -0.31356609,  0.01002769, -0.1594023 ,
        -0.45262375,  0.90198449,  0.45425775, -0.15808988, -0.24543922,
         0.59105739,  0.25486944,  1.91374485,  0.50983548,  0.11676769,
         1.57295704,  2.61526825,  2.04622942,  0.87377865,  2.08138973,
         2.81755532

0.42981018,  0.0827777 ,  0.12788709,  0.17072277, -0.00952631,
        -0.58773364,  1.22070705,  0.59588752,  0.46662014, -0.35323055,
         1.27235549,  1.69377736,  1.04834414,  0.72585616,  0.78497798,
         0.25312983,  4.34538154,  2.07959568,  2.51560178,  2.47416036,
         6.83874795, -0.09677601, -0.56214017, -0.16207109, -0.19343495,
        -1.37493859, -0.03578962, -0.2514467 , -0.18515607, -1.00349391,
         0.23121438

-0.23705741, -0.7609542 , -0.8905781 , -0.77472819, -0.71802421,
         0.04644752, -0.66261133, -0.6786067 , -0.51369584, -0.28038961,
        -0.57024324, -0.79942082, -0.38600419, -0.82905282, -0.58072815,
        -0.60785679, -0.56092122, -0.57563161, -0.52359514, -0.68155519,
        -0.80186799, -0.81463211, -0.58029666, -0.81508028, -0.7318367 ,
        -0.54352533, -0.56793863, -0.64395442, -0.45088585, -0.36305558,
        -0.90966991

-0.17781307, -0.52878637, -0.29217114, -0.56028328, -0.54738678,
        -0.66179334, -0.70267787, -0.63048405, -0.65678462,  0.57913354,
        -0.06620154, -0.64350754, -0.40725516, -0.66423344, -0.49934529,
        -0.48177088, -0.53886196, -0.40123245, -0.63143351, -0.31649182,
        -0.48003686, -0.55037783, -0.05210786, -0.6150081 , -0.55160526,
        -0.42642487, -0.47752496, -0.38387623, -0.49149623,  0.32969579,
        -0.14291041

-0.23669362,  1.63433838,  0.25226187,  1.58951661,  1.57838895,
         0.5720557 ,  0.52240442,  0.65761552,  1.21073442, -0.0327304 ,
        -0.12174332,  0.37434803, -0.60793827,  0.3846172 ,  0.41599996,
        -0.62226661, -0.14018114, -0.07174259, -0.01812268, -1.2254751 ,
        -0.15425467,  1.55949487, -0.05045727,  1.60168364,  1.35616746,
         0.44098593,  0.50475495,  0.68799016,  0.72206442, -0.56438149,
         0.42023995


